{
 "cells": [
  {
   "cell_type": "markdown",
   "id": "cf6d35b9",
   "metadata": {},
   "source": [
    "# Support Vector Machine"
   ]
  },
  {
   "cell_type": "code",
   "execution_count": 1,
   "id": "c1bede0b",
   "metadata": {},
   "outputs": [],
   "source": [
    "import pandas as pd\n",
    "import numpy as np\n",
    "from sklearn.feature_extraction.text import CountVectorizer, TfidfVectorizer\n",
    "from sklearn.preprocessing import StandardScaler\n",
    "\n",
    "from sklearn import svm\n",
    "from sklearn.svm import SVR\n",
    "from sklearn.model_selection import GridSearchCV\n",
    "from sklearn.metrics import classification_report\n",
    "\n",
    "\n",
    "from sklearn.metrics import accuracy_score, confusion_matrix\n",
    "from sklearn.model_selection import train_test_split, cross_val_score\n",
    "import matplotlib.pyplot as plt\n",
    "import seaborn as sns"
   ]
  },
  {
   "cell_type": "code",
   "execution_count": 13,
   "id": "6c897946",
   "metadata": {},
   "outputs": [],
   "source": [
    "data_url = \"http://lib.stat.cmu.edu/datasets/boston\"\n",
    "boston = pd.read_csv(data_url, sep=\"\\s+\", skiprows=22, header=None)\n",
    "#boston"
   ]
  },
  {
   "cell_type": "markdown",
   "id": "371cd4ad",
   "metadata": {},
   "source": [
    "# EDA"
   ]
  },
  {
   "cell_type": "code",
   "execution_count": 14,
   "id": "3dd802e0",
   "metadata": {},
   "outputs": [
    {
     "name": "stdout",
     "output_type": "stream",
     "text": [
      "<class 'pandas.core.frame.DataFrame'>\n",
      "RangeIndex: 506 entries, 0 to 505\n",
      "Data columns (total 14 columns):\n",
      " #   Column              Non-Null Count  Dtype  \n",
      "---  ------              --------------  -----  \n",
      " 0   crime               506 non-null    float64\n",
      " 1   land_zone           506 non-null    float64\n",
      " 2   indus               506 non-null    float64\n",
      " 3   C_River             506 non-null    float64\n",
      " 4   nox                 506 non-null    float64\n",
      " 5   avg_rooms           506 non-null    float64\n",
      " 6   age                 506 non-null    float64\n",
      " 7   dist                506 non-null    float64\n",
      " 8   r_highway           506 non-null    float64\n",
      " 9   tax                 506 non-null    float64\n",
      " 10  pt_ratio            506 non-null    float64\n",
      " 11  blacks              506 non-null    float64\n",
      " 12  lstat               506 non-null    float64\n",
      " 13  price_median_value  506 non-null    float64\n",
      "dtypes: float64(14)\n",
      "memory usage: 55.5 KB\n"
     ]
    },
    {
     "data": {
      "text/plain": [
       "crime                 0\n",
       "land_zone             0\n",
       "indus                 0\n",
       "C_River               0\n",
       "nox                   0\n",
       "avg_rooms             0\n",
       "age                   0\n",
       "dist                  0\n",
       "r_highway             0\n",
       "tax                   0\n",
       "pt_ratio              0\n",
       "blacks                0\n",
       "lstat                 0\n",
       "price_median_value    0\n",
       "dtype: int64"
      ]
     },
     "execution_count": 14,
     "metadata": {},
     "output_type": "execute_result"
    }
   ],
   "source": [
    "data = np.hstack([boston.values[::2, :], boston.values[1::2, :3]])\n",
    "#target = boston.values[1::2, 2]\n",
    "#data\n",
    "#Convert array into DataFrame and rename columns\n",
    "boston_data = pd.DataFrame(data, columns =['crime', 'land_zone', 'indus', 'C_River', 'nox','avg_rooms', 'age','dist','r_highway', 'tax', 'pt_ratio','blacks','lstat','price_median_value'])\n",
    "#boston_data = pd.DataFrame(target, columns =['price_Median_value'])\n",
    "#boston_data.shape\n",
    "\n",
    "#Dropping Duplicates\n",
    "boston_data.duplicated().sum()\n",
    "#boston_data.drop_duplicates()\n",
    "#boston_data.shape\n",
    "#Check Missing Values\n",
    "boston_data.info()\n",
    "#Check Null Values\n",
    "boston_data.isna().sum()\n",
    "boston_data.isnull().sum()\n",
    "#boston_data.notna().sum()\n",
    "#boston_data.notnull().sum()\n",
    "#boston_data.dropna()"
   ]
  },
  {
   "cell_type": "markdown",
   "id": "29fa621b",
   "metadata": {},
   "source": [
    "# Check Collineariry/Dependability of Variabels"
   ]
  },
  {
   "cell_type": "code",
   "execution_count": 27,
   "id": "ef69eb31",
   "metadata": {
    "collapsed": true
   },
   "outputs": [
    {
     "data": {
      "text/html": [
       "<div>\n",
       "<style scoped>\n",
       "    .dataframe tbody tr th:only-of-type {\n",
       "        vertical-align: middle;\n",
       "    }\n",
       "\n",
       "    .dataframe tbody tr th {\n",
       "        vertical-align: top;\n",
       "    }\n",
       "\n",
       "    .dataframe thead th {\n",
       "        text-align: right;\n",
       "    }\n",
       "</style>\n",
       "<table border=\"1\" class=\"dataframe\">\n",
       "  <thead>\n",
       "    <tr style=\"text-align: right;\">\n",
       "      <th></th>\n",
       "      <th>crime</th>\n",
       "      <th>land_zone</th>\n",
       "      <th>indus</th>\n",
       "      <th>C_River</th>\n",
       "      <th>nox</th>\n",
       "      <th>avg_rooms</th>\n",
       "      <th>age</th>\n",
       "      <th>dist</th>\n",
       "      <th>r_highway</th>\n",
       "      <th>tax</th>\n",
       "      <th>pt_ratio</th>\n",
       "      <th>blacks</th>\n",
       "      <th>lstat</th>\n",
       "      <th>price_median_value</th>\n",
       "    </tr>\n",
       "  </thead>\n",
       "  <tbody>\n",
       "    <tr>\n",
       "      <th>crime</th>\n",
       "      <td>1.000000</td>\n",
       "      <td>-0.200469</td>\n",
       "      <td>0.406583</td>\n",
       "      <td>-0.055892</td>\n",
       "      <td>0.420972</td>\n",
       "      <td>-0.219247</td>\n",
       "      <td>0.352734</td>\n",
       "      <td>-0.379670</td>\n",
       "      <td>0.625505</td>\n",
       "      <td>0.582764</td>\n",
       "      <td>0.289946</td>\n",
       "      <td>-0.385064</td>\n",
       "      <td>0.455621</td>\n",
       "      <td>-0.388305</td>\n",
       "    </tr>\n",
       "    <tr>\n",
       "      <th>land_zone</th>\n",
       "      <td>-0.200469</td>\n",
       "      <td>1.000000</td>\n",
       "      <td>-0.533828</td>\n",
       "      <td>-0.042697</td>\n",
       "      <td>-0.516604</td>\n",
       "      <td>0.311991</td>\n",
       "      <td>-0.569537</td>\n",
       "      <td>0.664408</td>\n",
       "      <td>-0.311948</td>\n",
       "      <td>-0.314563</td>\n",
       "      <td>-0.391679</td>\n",
       "      <td>0.175520</td>\n",
       "      <td>-0.412995</td>\n",
       "      <td>0.360445</td>\n",
       "    </tr>\n",
       "    <tr>\n",
       "      <th>indus</th>\n",
       "      <td>0.406583</td>\n",
       "      <td>-0.533828</td>\n",
       "      <td>1.000000</td>\n",
       "      <td>0.062938</td>\n",
       "      <td>0.763651</td>\n",
       "      <td>-0.391676</td>\n",
       "      <td>0.644779</td>\n",
       "      <td>-0.708027</td>\n",
       "      <td>0.595129</td>\n",
       "      <td>0.720760</td>\n",
       "      <td>0.383248</td>\n",
       "      <td>-0.356977</td>\n",
       "      <td>0.603800</td>\n",
       "      <td>-0.483725</td>\n",
       "    </tr>\n",
       "    <tr>\n",
       "      <th>C_River</th>\n",
       "      <td>-0.055892</td>\n",
       "      <td>-0.042697</td>\n",
       "      <td>0.062938</td>\n",
       "      <td>1.000000</td>\n",
       "      <td>0.091203</td>\n",
       "      <td>0.091251</td>\n",
       "      <td>0.086518</td>\n",
       "      <td>-0.099176</td>\n",
       "      <td>-0.007368</td>\n",
       "      <td>-0.035587</td>\n",
       "      <td>-0.121515</td>\n",
       "      <td>0.048788</td>\n",
       "      <td>-0.053929</td>\n",
       "      <td>0.175260</td>\n",
       "    </tr>\n",
       "    <tr>\n",
       "      <th>nox</th>\n",
       "      <td>0.420972</td>\n",
       "      <td>-0.516604</td>\n",
       "      <td>0.763651</td>\n",
       "      <td>0.091203</td>\n",
       "      <td>1.000000</td>\n",
       "      <td>-0.302188</td>\n",
       "      <td>0.731470</td>\n",
       "      <td>-0.769230</td>\n",
       "      <td>0.611441</td>\n",
       "      <td>0.668023</td>\n",
       "      <td>0.188933</td>\n",
       "      <td>-0.380051</td>\n",
       "      <td>0.590879</td>\n",
       "      <td>-0.427321</td>\n",
       "    </tr>\n",
       "    <tr>\n",
       "      <th>avg_rooms</th>\n",
       "      <td>-0.219247</td>\n",
       "      <td>0.311991</td>\n",
       "      <td>-0.391676</td>\n",
       "      <td>0.091251</td>\n",
       "      <td>-0.302188</td>\n",
       "      <td>1.000000</td>\n",
       "      <td>-0.240265</td>\n",
       "      <td>0.205246</td>\n",
       "      <td>-0.209847</td>\n",
       "      <td>-0.292048</td>\n",
       "      <td>-0.355501</td>\n",
       "      <td>0.128069</td>\n",
       "      <td>-0.613808</td>\n",
       "      <td>0.695360</td>\n",
       "    </tr>\n",
       "    <tr>\n",
       "      <th>age</th>\n",
       "      <td>0.352734</td>\n",
       "      <td>-0.569537</td>\n",
       "      <td>0.644779</td>\n",
       "      <td>0.086518</td>\n",
       "      <td>0.731470</td>\n",
       "      <td>-0.240265</td>\n",
       "      <td>1.000000</td>\n",
       "      <td>-0.747881</td>\n",
       "      <td>0.456022</td>\n",
       "      <td>0.506456</td>\n",
       "      <td>0.261515</td>\n",
       "      <td>-0.273534</td>\n",
       "      <td>0.602339</td>\n",
       "      <td>-0.376955</td>\n",
       "    </tr>\n",
       "    <tr>\n",
       "      <th>dist</th>\n",
       "      <td>-0.379670</td>\n",
       "      <td>0.664408</td>\n",
       "      <td>-0.708027</td>\n",
       "      <td>-0.099176</td>\n",
       "      <td>-0.769230</td>\n",
       "      <td>0.205246</td>\n",
       "      <td>-0.747881</td>\n",
       "      <td>1.000000</td>\n",
       "      <td>-0.494588</td>\n",
       "      <td>-0.534432</td>\n",
       "      <td>-0.232471</td>\n",
       "      <td>0.291512</td>\n",
       "      <td>-0.496996</td>\n",
       "      <td>0.249929</td>\n",
       "    </tr>\n",
       "    <tr>\n",
       "      <th>r_highway</th>\n",
       "      <td>0.625505</td>\n",
       "      <td>-0.311948</td>\n",
       "      <td>0.595129</td>\n",
       "      <td>-0.007368</td>\n",
       "      <td>0.611441</td>\n",
       "      <td>-0.209847</td>\n",
       "      <td>0.456022</td>\n",
       "      <td>-0.494588</td>\n",
       "      <td>1.000000</td>\n",
       "      <td>0.910228</td>\n",
       "      <td>0.464741</td>\n",
       "      <td>-0.444413</td>\n",
       "      <td>0.488676</td>\n",
       "      <td>-0.381626</td>\n",
       "    </tr>\n",
       "    <tr>\n",
       "      <th>tax</th>\n",
       "      <td>0.582764</td>\n",
       "      <td>-0.314563</td>\n",
       "      <td>0.720760</td>\n",
       "      <td>-0.035587</td>\n",
       "      <td>0.668023</td>\n",
       "      <td>-0.292048</td>\n",
       "      <td>0.506456</td>\n",
       "      <td>-0.534432</td>\n",
       "      <td>0.910228</td>\n",
       "      <td>1.000000</td>\n",
       "      <td>0.460853</td>\n",
       "      <td>-0.441808</td>\n",
       "      <td>0.543993</td>\n",
       "      <td>-0.468536</td>\n",
       "    </tr>\n",
       "    <tr>\n",
       "      <th>pt_ratio</th>\n",
       "      <td>0.289946</td>\n",
       "      <td>-0.391679</td>\n",
       "      <td>0.383248</td>\n",
       "      <td>-0.121515</td>\n",
       "      <td>0.188933</td>\n",
       "      <td>-0.355501</td>\n",
       "      <td>0.261515</td>\n",
       "      <td>-0.232471</td>\n",
       "      <td>0.464741</td>\n",
       "      <td>0.460853</td>\n",
       "      <td>1.000000</td>\n",
       "      <td>-0.177383</td>\n",
       "      <td>0.374044</td>\n",
       "      <td>-0.507787</td>\n",
       "    </tr>\n",
       "    <tr>\n",
       "      <th>blacks</th>\n",
       "      <td>-0.385064</td>\n",
       "      <td>0.175520</td>\n",
       "      <td>-0.356977</td>\n",
       "      <td>0.048788</td>\n",
       "      <td>-0.380051</td>\n",
       "      <td>0.128069</td>\n",
       "      <td>-0.273534</td>\n",
       "      <td>0.291512</td>\n",
       "      <td>-0.444413</td>\n",
       "      <td>-0.441808</td>\n",
       "      <td>-0.177383</td>\n",
       "      <td>1.000000</td>\n",
       "      <td>-0.366087</td>\n",
       "      <td>0.333461</td>\n",
       "    </tr>\n",
       "    <tr>\n",
       "      <th>lstat</th>\n",
       "      <td>0.455621</td>\n",
       "      <td>-0.412995</td>\n",
       "      <td>0.603800</td>\n",
       "      <td>-0.053929</td>\n",
       "      <td>0.590879</td>\n",
       "      <td>-0.613808</td>\n",
       "      <td>0.602339</td>\n",
       "      <td>-0.496996</td>\n",
       "      <td>0.488676</td>\n",
       "      <td>0.543993</td>\n",
       "      <td>0.374044</td>\n",
       "      <td>-0.366087</td>\n",
       "      <td>1.000000</td>\n",
       "      <td>-0.737663</td>\n",
       "    </tr>\n",
       "    <tr>\n",
       "      <th>price_median_value</th>\n",
       "      <td>-0.388305</td>\n",
       "      <td>0.360445</td>\n",
       "      <td>-0.483725</td>\n",
       "      <td>0.175260</td>\n",
       "      <td>-0.427321</td>\n",
       "      <td>0.695360</td>\n",
       "      <td>-0.376955</td>\n",
       "      <td>0.249929</td>\n",
       "      <td>-0.381626</td>\n",
       "      <td>-0.468536</td>\n",
       "      <td>-0.507787</td>\n",
       "      <td>0.333461</td>\n",
       "      <td>-0.737663</td>\n",
       "      <td>1.000000</td>\n",
       "    </tr>\n",
       "  </tbody>\n",
       "</table>\n",
       "</div>"
      ],
      "text/plain": [
       "                       crime  land_zone     indus   C_River       nox  \\\n",
       "crime               1.000000  -0.200469  0.406583 -0.055892  0.420972   \n",
       "land_zone          -0.200469   1.000000 -0.533828 -0.042697 -0.516604   \n",
       "indus               0.406583  -0.533828  1.000000  0.062938  0.763651   \n",
       "C_River            -0.055892  -0.042697  0.062938  1.000000  0.091203   \n",
       "nox                 0.420972  -0.516604  0.763651  0.091203  1.000000   \n",
       "avg_rooms          -0.219247   0.311991 -0.391676  0.091251 -0.302188   \n",
       "age                 0.352734  -0.569537  0.644779  0.086518  0.731470   \n",
       "dist               -0.379670   0.664408 -0.708027 -0.099176 -0.769230   \n",
       "r_highway           0.625505  -0.311948  0.595129 -0.007368  0.611441   \n",
       "tax                 0.582764  -0.314563  0.720760 -0.035587  0.668023   \n",
       "pt_ratio            0.289946  -0.391679  0.383248 -0.121515  0.188933   \n",
       "blacks             -0.385064   0.175520 -0.356977  0.048788 -0.380051   \n",
       "lstat               0.455621  -0.412995  0.603800 -0.053929  0.590879   \n",
       "price_median_value -0.388305   0.360445 -0.483725  0.175260 -0.427321   \n",
       "\n",
       "                    avg_rooms       age      dist  r_highway       tax  \\\n",
       "crime               -0.219247  0.352734 -0.379670   0.625505  0.582764   \n",
       "land_zone            0.311991 -0.569537  0.664408  -0.311948 -0.314563   \n",
       "indus               -0.391676  0.644779 -0.708027   0.595129  0.720760   \n",
       "C_River              0.091251  0.086518 -0.099176  -0.007368 -0.035587   \n",
       "nox                 -0.302188  0.731470 -0.769230   0.611441  0.668023   \n",
       "avg_rooms            1.000000 -0.240265  0.205246  -0.209847 -0.292048   \n",
       "age                 -0.240265  1.000000 -0.747881   0.456022  0.506456   \n",
       "dist                 0.205246 -0.747881  1.000000  -0.494588 -0.534432   \n",
       "r_highway           -0.209847  0.456022 -0.494588   1.000000  0.910228   \n",
       "tax                 -0.292048  0.506456 -0.534432   0.910228  1.000000   \n",
       "pt_ratio            -0.355501  0.261515 -0.232471   0.464741  0.460853   \n",
       "blacks               0.128069 -0.273534  0.291512  -0.444413 -0.441808   \n",
       "lstat               -0.613808  0.602339 -0.496996   0.488676  0.543993   \n",
       "price_median_value   0.695360 -0.376955  0.249929  -0.381626 -0.468536   \n",
       "\n",
       "                    pt_ratio    blacks     lstat  price_median_value  \n",
       "crime               0.289946 -0.385064  0.455621           -0.388305  \n",
       "land_zone          -0.391679  0.175520 -0.412995            0.360445  \n",
       "indus               0.383248 -0.356977  0.603800           -0.483725  \n",
       "C_River            -0.121515  0.048788 -0.053929            0.175260  \n",
       "nox                 0.188933 -0.380051  0.590879           -0.427321  \n",
       "avg_rooms          -0.355501  0.128069 -0.613808            0.695360  \n",
       "age                 0.261515 -0.273534  0.602339           -0.376955  \n",
       "dist               -0.232471  0.291512 -0.496996            0.249929  \n",
       "r_highway           0.464741 -0.444413  0.488676           -0.381626  \n",
       "tax                 0.460853 -0.441808  0.543993           -0.468536  \n",
       "pt_ratio            1.000000 -0.177383  0.374044           -0.507787  \n",
       "blacks             -0.177383  1.000000 -0.366087            0.333461  \n",
       "lstat               0.374044 -0.366087  1.000000           -0.737663  \n",
       "price_median_value -0.507787  0.333461 -0.737663            1.000000  "
      ]
     },
     "execution_count": 27,
     "metadata": {},
     "output_type": "execute_result"
    }
   ],
   "source": [
    "#colinearity check\n",
    "boston_data.corr()  \n",
    "#Format the plot background and scatter plots for all the variables\n",
    "#sns.set_style(style='darkgrid') \n",
    "#sns.pairplot(boston_data) #colinearity check"
   ]
  },
  {
   "cell_type": "markdown",
   "id": "1824bd5e",
   "metadata": {},
   "source": [
    "# Remove outliers"
   ]
  },
  {
   "cell_type": "code",
   "execution_count": 4,
   "id": "bcfd5f66",
   "metadata": {},
   "outputs": [],
   "source": [
    "#3. remove outlier using median imputation\n",
    "\n",
    "#plt.figure(figsize=(17,1))\n",
    "for var in range(0,boston_data.shape[1]):\n",
    "    temp=boston_data.columns[var]\n",
    "    lower_quant=boston_data[temp].quantile(0.25)\n",
    "    upper_quant=boston_data[temp].quantile(0.75)\n",
    "    med=boston_data[temp].median()\n",
    "    #print(\"\\nColumn :\",temp)\n",
    "    #print(\"Lower Quantile:\",lower_quant, \"Upper Quantile :\",upper_quant,\"Median :\",med)\n",
    "    \n",
    "    boston_data[temp] = np.where( (boston_data[temp] <lower_quant), med , boston_data[temp]) \n",
    "    #boston_data[temp] = np.where( (boston_data[temp] >upper_quant), med , boston_data[temp])\n",
    "    #print(\"\\n\",boston_data.columns[var])\n",
    "    #sns.boxplot(data=boston_data[temp])\n",
    "   # plt.show()\n",
    "        \n",
    "#After Outlier Median imputation \n",
    "boston_clean=boston_data\n"
   ]
  },
  {
   "cell_type": "markdown",
   "id": "b9588163",
   "metadata": {},
   "source": [
    "# Split dataset"
   ]
  },
  {
   "cell_type": "code",
   "execution_count": 15,
   "id": "8644659d",
   "metadata": {},
   "outputs": [
    {
     "data": {
      "text/plain": [
       "((339, 13), (339,), (167, 13), (167,))"
      ]
     },
     "execution_count": 15,
     "metadata": {},
     "output_type": "execute_result"
    }
   ],
   "source": [
    "#Split Data into X and y\n",
    "array = boston_data.values\n",
    "X = array[:, 0:13]\n",
    "y = array[:, 13]\n",
    "X_train, X_test, y_train, y_test = train_test_split(X,y, test_size = 0.33)\n",
    "X_train.shape, y_train.shape, X_test.shape, y_test.shape"
   ]
  },
  {
   "cell_type": "markdown",
   "id": "1f78af14",
   "metadata": {},
   "source": [
    "# Grid Search CV"
   ]
  },
  {
   "cell_type": "code",
   "execution_count": 19,
   "id": "b1ffa3a0",
   "metadata": {},
   "outputs": [
    {
     "data": {
      "text/plain": [
       "({'C': 14, 'gamma': 0.5, 'kernel': 'rbf'}, -0.024793208657689126)"
      ]
     },
     "execution_count": 19,
     "metadata": {},
     "output_type": "execute_result"
    }
   ],
   "source": [
    "clf = SVR()\n",
    "param_grid = [{'kernel':['rbf'],'gamma':[50,5,10,0.5],'C':[15,14,13,12,11,10,0.1,0.001] }]\n",
    "gsv = GridSearchCV(clf,param_grid,cv=10)\n",
    "gsv.fit(X_train,y_train)\n",
    "\n",
    "GridSearchCV(cv=10, estimator=SVR(),\n",
    "             param_grid=[{'C': [15, 14, 13, 12, 11, 10, 0.1, 0.001],\n",
    "                          'gamma': [50, 5, 10, 0.5], 'kernel': ['rbf']}])\n",
    "\n",
    "gsv.best_params_ , gsv.best_score_ \n"
   ]
  },
  {
   "cell_type": "markdown",
   "id": "99536509",
   "metadata": {},
   "source": [
    "# Prepare Model"
   ]
  },
  {
   "cell_type": "code",
   "execution_count": 20,
   "id": "fb1bf73f",
   "metadata": {},
   "outputs": [],
   "source": [
    "clf = SVR(C= 14, gamma = 0.5)\n",
    "clf.fit(X_train , y_train)\n",
    "y_pred = clf.predict(X_test)"
   ]
  },
  {
   "cell_type": "code",
   "execution_count": 24,
   "id": "b725d5b9",
   "metadata": {},
   "outputs": [
    {
     "name": "stdout",
     "output_type": "stream",
     "text": [
      "\n",
      "Accuracy of Model is : -0.5322751693929595\n",
      "\n",
      "Prediction is : [15.69987176 22.10005594 13.9999138  35.67663907 14.50049569 35.67684669\n",
      " 35.67663914 33.09985526 35.67666293 17.50017833 11.00049758 21.67663907\n",
      " 22.19990739 11.99997961 25.09984487 10.89994865 21.500454   20.89997066\n",
      " 30.39986418 17.90045286 35.67664476 19.69958049 20.79998456 22.80049569\n",
      " 28.89998989 27.00030612 11.89996803 22.69986626 20.09996729 19.60051041\n",
      " 24.00017668 24.89986414 28.60000015 21.67663907 24.89985519 11.10013532\n",
      " 18.99991787 19.79987096 28.29991168 35.67663907 13.89986418 22.39960078\n",
      " 13.19977476 11.79998989 21.69986997 19.69991168 23.6999154  19.40045139\n",
      " 23.29991168 34.79992505 21.50045286 34.80047844 23.4999191  35.67663907\n",
      " 14.50044998 22.99996391 16.69987471 26.59997082 23.59987096 21.20049517\n",
      " 31.10011801 21.80011801 23.29992505 26.49996879 24.69999051 24.69984689\n",
      " 23.39981823 18.49999113 33.70011801 24.89992736 21.89991658 20.09994865\n",
      " 20.19997068 22.50017821 14.69994865 10.2999732  35.29986694 20.29989872\n",
      " 20.70000014 24.39986458 23.59990739 24.30017821 19.60003471 28.59996094\n",
      " 23.19986627 18.5998723  28.49998456 21.89997288 13.40018653 14.59994865\n",
      " 21.30005594 22.90044797 15.20019252 14.99992505 10.49990866 18.29997288\n",
      " 35.67663907 13.8998723  14.40011938  7.30049756 15.09985862  7.67663907\n",
      "  8.39984621 19.39984622  8.59994926 19.80045139 20.99967703 21.79986658\n",
      " 16.1999138  18.79984487 19.19987328 21.09984622 21.89992738 26.49996796\n",
      " 17.49994631 21.8998357  21.29962291 24.69986807 26.49991688 28.00011801\n",
      " 18.69986807 24.39983569 21.67663907 21.80017668 15.10011801 18.59991658\n",
      " 17.39977136 16.90037959 20.89997121 17.59993972 26.99995395 21.89997066\n",
      " 14.00044797 34.59977136  7.67663907 30.89997082 22.49975805 11.79997769\n",
      " 24.59987387 35.67663907 22.79999033 20.69991887 17.19998213 22.20013532\n",
      " 23.79985843 16.19985519 33.3002181  35.67663929 11.39986806 17.19985121\n",
      " 31.59991688 30.2864788  24.89994932 35.67663907 13.29996736 23.1999138\n",
      " 21.19986973 12.79996564 17.90001503 16.19986694 35.67663907 18.79966795\n",
      "  7.67663907 35.67663907 35.67664626 13.0999191  35.67663907 16.79991167\n",
      " 18.09995742 14.19998414 23.09994631 24.29994865 24.9002044  23.10003674\n",
      "  8.50045174 22.99992112 19.69997121 22.49986458 35.67663907 35.67684669\n",
      " 21.67663907 15.49997961 22.99986627 14.5999659  16.5999138  19.60001388\n",
      " 19.10049569 16.09983569 29.9999154  21.0999683   7.67663907 10.50047864\n",
      " 16.39996391 24.09982788 18.99990866 14.89999368 26.10001502 17.59993972\n",
      " 13.49992674 21.29991168 12.90030613 35.67664074 22.10049662 30.00044998\n",
      " 19.99985519 15.69996796 21.67663907 17.89986656 13.49995395 31.40000014\n",
      " 19.39987256  6.66582334 29.70049926 26.89984622  8.49991688 28.9999659\n",
      " 35.30002386 20.80031665 27.80017834 18.80003546 18.19985804 17.89996097\n",
      " 35.6772349  18.90049926 24.69991688 35.67668375 21.49999446 31.50052353\n",
      " 11.59984683 20.1001292  23.19960078 21.67663907 22.50003528 23.89986627\n",
      " 29.49991714 22.99998465 22.70011801 27.3999793  24.19956008 13.39995902\n",
      " 24.29997769 20.29987217 33.29956008 18.60010922 20.49992738 22.29982788\n",
      " 19.50020512 13.90037544 14.1998357  22.60049596 35.67663907 19.89994932\n",
      " 32.30031548 13.70013532 20.69998414 20.69992545  9.79962325 17.8999191\n",
      "  9.59987176 22.39999051 26.29956008 23.60022435 15.69985122 30.9999793\n",
      " 20.19979863 35.67663907 24.89996586 19.99984621 28.90002386 15.30054945\n",
      " 12.79987471 27.90001384 19.49986627 16.89987448 18.29981823 35.67663907\n",
      " 15.69973741 22.89996736 35.67663907 13.69995902 10.59991173 13.19962291\n",
      " 13.39991167 20.09992505 18.69996803 16.60045286 17.50003528 35.67663907\n",
      " 14.9999732  19.39991887 22.09985981 18.39961978 23.70000015 16.79987393\n",
      " 24.49996879 14.40054944 16.29986981 18.50011801 16.49986626 28.59999033\n",
      " 28.29997068 23.79994865 35.67663907 10.30013532 22.40003546 23.19976868\n",
      "  7.67663907 32.99986658 19.0005201  15.800454   20.19985981 23.79987475\n",
      " 19.4999732  31.39994926 20.50045286 35.67663907 31.89992112 18.50014937\n",
      " 35.67663907 20.00012429 17.69991168 22.09985524 20.3999191  20.40011801\n",
      " 20.90017668  8.40003674 24.40019255 15.30017668  7.67663907 16.6999154\n",
      "  9.70052353 20.1999154  35.09991887 22.7999732  13.59985519 27.40001388\n",
      " 26.39984622 32.59991887 28.09977934]\n"
     ]
    }
   ],
   "source": [
    "#predicting on the test set and creating submission file\n",
    "data_pred=pd.DataFrame(data=np.array([[0.25651,0.0,9.69,0.0,0.538,6.5750,65.2,4.09000,5.0,296.0,19.05,391.44,11.36]]),columns=['crime','land_zone','indus','C_River','nox','avg_rooms','age','dist','r_highway','tax','pt_ratio','blacks','lstat'])\n",
    "#data_pred=pd.DataFrame(data=np.array([[6.25651,5.0,2.07,3.0,6.469,4.4210,78.5,3.96710,3.0,330.1,30.80,391.48,15.14]]),columns=['crime','land_zone','indus','C_River','nox','avg_rooms','age','dist','r_highway','tax','pt_ratio','blacks','lstat'])\n",
    "\n",
    "clf = SVR(C= 14, gamma = 0.5)\n",
    "clf.fit(X_train , y_train)\n",
    "\n",
    "y_pred = clf.predict(X_train)\n",
    "\n",
    "accuracy=clf.score(X_test, y_test)*100\n",
    "\n",
    "print(\"\\nAccuracy of Model is :\",accuracy)\n",
    "print(\"\\nPrediction is :\",y_pred)\n",
    "\n"
   ]
  },
  {
   "cell_type": "code",
   "execution_count": null,
   "id": "724f3dfb",
   "metadata": {},
   "outputs": [],
   "source": []
  }
 ],
 "metadata": {
  "kernelspec": {
   "display_name": "Python 3 (ipykernel)",
   "language": "python",
   "name": "python3"
  },
  "language_info": {
   "codemirror_mode": {
    "name": "ipython",
    "version": 3
   },
   "file_extension": ".py",
   "mimetype": "text/x-python",
   "name": "python",
   "nbconvert_exporter": "python",
   "pygments_lexer": "ipython3",
   "version": "3.9.7"
  }
 },
 "nbformat": 4,
 "nbformat_minor": 5
}
